100
491.58425 1.11491 1970.73191
498.88729 1.39081 1994.33983
497.07375 1.38290 1976.36003
210.12 2.3 2000.0000
198.0 3.0 1169.0
255.57760 1.25642 1359.66062
490.89389 1.20472 1914.98398
491.04692 1.28992 1907.68310
195.31868 1.43831 109.83183
1.01168 3.02797 2.69913
165.0 2.0 716.0
285.00000 2.00000 570.00000
309.00000 1.00000 319.00000
371.98147 3.98045 1688.73636
112.99259 3.67004 1732.22916
313.90778 1.81376 420.77387
274.25597 3.62762 1928.62827
497.74995 1.44928 1919.67907
78.89529 3.55765 1645.09784
371.00000 2.00000 742.00000
273.0 4.0 1580.0
1.03412 3.15795 1999.49478
495.53928 1.31137 1976.36082
495.73471 1.15820 1930.08353
78.692 2.0 1333.0
241.32 4.0000 1565.07470
490.58582 1.25176 1933.77514
8.0 1.0 1589.0
225.00000 2.00000 450.00000
382.00000 2.00000 764.00000
39.22066 1.72203 58.88473
317.0 4.0 704.0
495.11438 1.19473 1955.53539
276.0 3.0 1090.0
248.39764 2.25836 1678.67149
492.43904 1.24795 1940.52913
1.04023 3.93208 1999.37893
93.0 2.56 911.3
352.2943 1.59614 1287.4
498.13576 1.26705 1914.37297
493.16736 1.14442 1950.24732
493.06598 1.12320 1900.71533
7.51 2.71 1065.1
416.0 4.0 1622.0
495.58022 1.21257 1998.01143
495.06250 1.23527 1953.27277
440.00000 3.00000 466.00000
494.77290 1.13383 1945.39567
493.79449 1.39708 1958.74940
200.91 1.7 1544.65620
492.89159 1.01623 1923.96898
493.79593 1.11223 1982.11579
1.46861 1.76818 1861.77634
233.61 1.193 1.00
498.91533 1.34084 1970.35334
497.22439 1.45376 1924.11237
497.98624 1.41767 1976.62730
442.0 3.0 1017.0
270.00000 3.00000 308.00000
324.3 1.6 152.1
373.81414 2.85390 763.96470
252.53658 2.26982 1514.07860
285.24513 1.66046 1197.46130
1.04301 3.07918 1999.16919
492.07252 1.15674 1986.85373
101.61509 3.97824 1769.81894
497.47507 1.0 1604.88
498.72741 1.24496 1928.14964
493.82089 1.20443 1957.64730
213.84958 2.07220 904.07000
219.0 2.0 219.0
1.00000 2.0 1772.026
196.54510 1.50996 1031.05051
495.91597 1.31524 1994.15123
1.03720 3.79177 1999.87763
490.08709 1.24361 1968.14276
494.44633 1.24131 1973.50978
91.61287 3.47049 928.86066
486.586 3.91784 1479.95117
244.0 3.0 951.0
492.58388 1.28124 1928.81714
293.075 2.0 313.5
471.51029 1.87545 413.26366
493.66721 1.01766 1914.82224
391.94255 2.866 1689.0
388.9 1.000 156.0
260.09043 2.79929 101.69977
500.00 1.4851 1890.60342
438.00000 2.00000 473.00000
491.23979 1.03529 1932.28036
113.0 2.0 1554.0
89.965 2.0 1570.85924
104.75 3.4 1755.0
345.9444 2.87473 379.0
38.0 4.0 1953.0
493.43716 1.19529 1929.86277
498.22914 1.01897 1987.28142
95.0 4.0 1479.0
79.16346 1.20803 1560.78361
493.32986 1.05500 1921.50254
